186                                 
100 
57 93
57 86
57 107
57 122
57 103
57 14
7 
80 5
0 0
54 86
4 
0 1
54 73
4 
0 1
1 
5 
42 3
0 -1
33 1
3 
42 1
33 1
33 3
1 
42 2
33 1
33 3
4 
42 3
33 2
0 2
33 0
3 
2 
6 
33 3
0 2
33 0
3 
2 
6 
58 
58 
0 -1
33 1
3 
0 2
33 0
3 
2 
6 
58 
33 0
0 0
54 153
58 
8 
8 
8 
42 2
42 1
42 0
58 
80 5
6 
58 
33 1
33 1
3 
33 0
33 2
0 4
3 
3 
4 
58 
0 0
51 135
54 144
42 5
0 2
81 5
58 
0 0
42 5
0 0
81 5
58 
0 0
42 5
0 1
81 5
58 
33 1
0 0
54 172
0 1
6 
33 2
0 -1
3 
33 1
2 
6 
7 
33 2
0 0
54 182
0 0
6 
7 
0 8
6 
7 
